1 10 20
100 200 125
201 210 89
900 1000 174
10 1 20
200 100 125
210 201 89
1000 900 174
1 1 1
141 141 16
2 3 8
3 4 8
3 2 8
4 3 8
2 2 2
4 4 3
8 8 4
16 16 5
32 32 6
64 64 7
128 128 8
256 256 9
512 512 10
1024 1024 11
2048 2048 12
4096 4096 13
8192 8192 14
16384 16384 15
32768 32768 16
282 282 17
564 564 18
2 9 20
3 9 20
4 9 20
5 9 20
6 9 20
7 9 20
2 8 17
2 7 17
2 6 9
2 5 8
2 4 8
2 3 8
134 134 29
479 479 54
190 206 120
100 210 125
193 195 120
194 195 120
195 195 120
196 195 120
197 195 120
198 195 120
199 195 120
193 194 120
193 193 120
193 192 120
193 191 120
193 190 120
193 190 120
596310 596349 98
596311 596349 98
596312 596349 98
596313 596349 98
596314 596349 98
596315 596349 98
596316 596349 98
596317 596349 98
596318 596349 98
596319 596349 98
596320 596349 98
596310 596348 98
596310 596347 98
596310 596346 98
596310 596345 98
596310 596310 98
596345 596345 98
596310 596315 98
596315 596345 98
596349 596310 98
596349 596311 98
596349 596312 98
596349 596313 98
596349 596314 98
596349 596315 98
596349 596316 98
596349 596317 98
596349 596318 98
596349 596319 98
596349 596320 98
596348 596310 98
596347 596310 98
596346 596310 98
596345 596310 98
596310 596310 98
596345 596345 98
596315 596310 98
596345 596315 98
596335 596325 98
596325 596324 98